 -3.733582 -7.915531 0.050000 0.707059 0.707059 -0.008210 -0.008210 
 -3.733582 -7.915531 0.050000 0.707059 0.707059 -0.008210 -0.008210 
 -3.729076 -7.672842 0.050000 0.707088 0.707088 -0.005171 -0.005171 
 -3.726515 -7.430126 0.050000 0.707102 0.707102 -0.002533 -0.002533 
 -3.725217 -7.187398 0.050000 0.707105 0.707105 -0.001639 -0.001639 
 -3.724074 -6.944669 0.050000 0.707104 0.707104 -0.001828 -0.001828 
 -3.722691 -6.701941 0.050000 0.707103 0.707103 -0.002257 -0.002257 
 -3.720982 -6.459216 0.050000 0.707102 0.707102 -0.002697 -0.002697 
 -3.718985 -6.216493 0.050000 0.707101 0.707101 -0.002838 -0.002838 
 -3.716989 -5.973770 0.050000 0.707104 0.707104 -0.002129 -0.002129 
 -3.716238 -5.731040 0.050000 0.707107 0.707107 -0.000135 -0.000135 
 -3.716675 -5.488309 0.050000 0.707106 0.707106 0.001063 0.001063 
 -3.717643 -5.245580 0.050000 0.707105 0.707105 0.001537 0.001537 
 -3.718773 -5.002851 0.050000 0.707105 0.707105 0.001615 0.001615 
 -3.719843 -4.760122 0.050000 0.707105 0.707105 0.001404 0.001404 
 -3.720706 -4.517392 0.050000 0.707106 0.707106 0.001014 0.001014 
 -3.721279 -4.274661 0.050000 0.707107 0.707107 0.000487 0.000487 
 -3.721416 -4.031930 0.050000 0.707107 0.707107 -0.000171 -0.000171 
 -3.721024 -3.789199 0.050000 0.707106 0.707106 -0.000937 -0.000937 
 -3.720091 -3.546469 0.050000 0.707105 0.707105 -0.001783 -0.001783 
 -3.718552 -3.303743 0.050000 0.707103 0.707103 -0.002174 -0.002174 
 -3.716926 -3.061016 0.050000 0.707107 0.707107 -0.000584 -0.000584 
 -3.718944 -2.818309 0.050000 0.707055 0.707055 0.008574 0.008574 
 -3.730046 -2.575875 0.050000 0.706595 0.706595 0.026900 0.026900 
 -3.759271 -2.335071 0.050000 0.704360 0.704360 0.062264 0.062264 
 -3.822124 -2.101534 0.050000 0.694846 0.694846 0.131109 0.131109 
 -3.941461 -1.892741 0.050000 0.649799 0.649799 0.278857 0.278857 
 -4.163292 -1.803401 0.050000 0.551949 0.551949 0.441987 0.441987 
 -4.403364 -1.770403 0.050000 0.520149 0.520149 0.479004 0.479004 
 -4.645745 -1.758358 0.050000 0.506148 0.506148 0.493776 0.493776 
 -4.888456 -1.756674 0.050000 0.498986 0.498986 0.501012 0.501012 
 -5.131180 -1.758347 0.050000 0.498816 0.498816 0.501181 0.501181 
 -5.373911 -1.758850 0.050000 0.499735 0.499735 0.500265 0.500265 
 -5.616642 -1.758945 0.050000 0.499990 0.499990 0.500010 0.500010 
 -5.859374 -1.758873 0.050000 0.500134 0.500134 0.499866 0.499866 
 -6.102105 -1.758694 0.050000 0.500211 0.500211 0.499789 0.499789 
 -6.344836 -1.758466 0.050000 0.500244 0.500244 0.499756 0.499756 
 -6.587568 -1.758233 0.050000 0.500213 0.500213 0.499787 0.499787 
 -6.830299 -1.758068 0.050000 0.500058 0.500058 0.499942 0.499942 
 -7.073030 -1.758221 0.050000 0.499497 0.499497 0.500502 0.500502 
 -7.315761 -1.758696 0.050000 0.499638 0.499638 0.500362 0.500362 
 -7.558493 -1.758903 0.050000 0.499875 0.499875 0.500125 0.500125 
 -7.801223 -1.758955 0.050000 0.499984 0.499984 0.500016 0.500016 
 -8.043955 -1.758929 0.050000 0.500046 0.500046 0.499954 0.499954 
 -8.286687 -1.758856 0.050000 0.500086 0.500086 0.499914 0.499914 
 -8.529417 -1.758756 0.050000 0.500113 0.500113 0.499886 0.499886 
 -8.772148 -1.758634 0.050000 0.500131 0.500131 0.499869 0.499869 
 -9.014880 -1.758499 0.050000 0.500139 0.500139 0.499861 0.499861 
 -9.257611 -1.758362 0.050000 0.500138 0.500138 0.499862 0.499862 
 -9.500341 -1.758229 0.050000 0.500125 0.500125 0.499875 0.499875 
 -9.743074 -1.758115 0.050000 0.500091 0.500091 0.499909 0.499909 
 -9.985805 -1.758040 0.050000 0.500016 0.500016 0.499984 0.499984 
 -10.228537 -1.758156 0.050000 0.499146 0.499147 0.500852 0.500852 
 -10.471224 -1.761317 0.050000 0.491816 0.491816 0.508052 0.508052 
 -10.713215 -1.777839 0.050000 0.465132 0.465132 0.532590 0.532590 
 -10.946206 -1.841662 0.050000 0.390660 0.390660 0.589394 0.589394 
 -11.157933 -1.958322 0.050000 0.321943 0.321943 0.629566 0.629566 
 -11.321693 -2.132278 0.050000 0.182347 0.182347 0.683191 0.683191 
 -11.405075 -2.358893 0.050000 0.080429 0.080429 0.702518 0.702518 
 -11.435848 -2.598964 0.050000 0.016929 0.016929 0.706904 0.706904 
 -11.430026 -2.841223 0.050000 0.034479 0.034479 -0.706266 -0.706266 
 -11.403240 -3.082473 0.050000 0.040111 0.040111 -0.705968 -0.705968 
 -11.375274 -3.323588 0.050000 0.041269 0.041268 -0.705902 -0.705901 
 -11.346785 -3.564642 0.050000 0.041730 0.041730 -0.705874 -0.705874 
 -11.318174 -3.805680 0.050000 0.041515 0.041515 -0.705887 -0.705887 
 -11.290791 -4.046859 0.050000 0.038176 0.038177 -0.706075 -0.706076 
 -11.265165 -4.288233 0.050000 0.038405 0.038405 -0.706063 -0.706063 
 -11.237347 -4.529362 0.050000 0.043646 0.043646 -0.705759 -0.705759 
 -11.204667 -4.769867 0.050000 0.052582 0.052582 -0.705149 -0.705149 
 -11.164557 -5.009220 0.050000 0.067752 0.067753 -0.703853 -0.703854 
 -11.109741 -5.245534 0.050000 0.101535 0.101535 -0.699779 -0.699779 
 -11.020434 -5.470701 0.050000 0.152047 0.152047 -0.690566 -0.690566 
 -10.915634 -5.689641 0.050000 0.157575 0.157575 -0.689326 -0.689326 
 -10.809045 -5.907714 0.050000 0.162588 0.162588 -0.688161 -0.688161 
 -10.697596 -6.123328 0.050000 0.172768 0.172768 -0.685676 -0.685676 
 -10.577600 -6.334235 0.050000 0.192267 0.192267 -0.680466 -0.680466 
 -10.441354 -6.534876 0.050000 0.236831 0.236831 -0.666267 -0.666267 
 -10.268409 -6.704556 0.050000 0.289190 0.289190 -0.645267 -0.645267 
 -10.083666 -6.861963 0.050000 0.300118 0.300118 -0.640257 -0.640257 
 -9.895823 -7.015683 0.050000 0.306349 0.306349 -0.637299 -0.637299 
 -9.704749 -7.165374 0.050000 0.312302 0.312302 -0.634403 -0.634403 
 -9.510881 -7.311412 0.050000 0.318810 0.318810 -0.631158 -0.631158 
 -9.314152 -7.453569 0.050000 0.326282 0.326282 -0.627328 -0.627328 
 -9.113675 -7.590381 0.050000 0.335574 0.335574 -0.622407 -0.622407 
 -8.908657 -7.720260 0.050000 0.347944 0.347944 -0.615577 -0.615577 
 -8.697721 -7.840157 0.050000 0.366058 0.366058 -0.604981 -0.604981 
 -8.479361 -7.945797 0.050000 0.394629 0.394629 -0.586744 -0.586744 
 -8.248892 -8.020373 0.050000 0.429190 0.429190 -0.561957 -0.561957 
 -8.012383 -8.074519 0.050000 0.444751 0.444751 -0.549724 -0.549724 
 -7.774768 -8.124084 0.050000 0.447758 0.447758 -0.547278 -0.547278 
 -7.536512 -8.170476 0.050000 0.451444 0.451444 -0.544241 -0.544241 
 -7.297643 -8.213564 0.050000 0.455603 0.455603 -0.540764 -0.540764 
 -7.058114 -8.252829 0.050000 0.460023 0.460023 -0.537009 -0.537010 
 -6.817954 -8.288015 0.050000 0.464348 0.464348 -0.533274 -0.533274 
 -6.577291 -8.319602 0.050000 0.468228 0.468228 -0.529871 -0.529871 
 -6.336237 -8.348069 0.050000 0.470592 0.470592 -0.527772 -0.527772 
 -6.095094 -8.375778 0.050000 0.469424 0.469424 -0.528811 -0.528811 
 -5.854343 -8.406643 0.050000 0.463632 0.463632 -0.533897 -0.533897 
 -5.614727 -8.445207 0.050000 0.450741 0.450741 -0.544824 -0.544824 
 -5.377949 -8.498373 0.050000 0.435292 0.435292 -0.557244 -0.557244 
